-143
-399
-254
-266
-422
-511
-379
-193
141
409
225
-301
-812
-1259
-1931
-2530
-2749
-2958
-3087
-3055
-2744
-2273
-1759
-1272
-1050
-967
-1087
-1259
-1375
-1046
-545
-291
41
553
459
-371
-1320
-1603
-2018
-2750
-3405
-3522
-3197
-2612
-1663
-868
326
1685
2859
3302
3457
3831
4250
4512
4640
4717
4596
4519
4769
4990
5072
4963
4615
3693
2495
1178
-220
-1403
-2069
-2624
-3408
-3797
-3083
-1878
-943
-173
504
1131
1489
1855
2004
2456
3138
3391
3183
2856
3096
3105
2531
1633
696
-589
-2284
-3817
-4933
-5557
-5746
-5859
-5784
-5197
-3956
-2716
-1791
-921
-22
522
610
816
1285
1737
1980
2023
1935
1920
1854
1391
565
-209
-1125
-2251
-3282
-3737
-3757
-3813
-3699
-3095
-2127
-1179
-295
467
1223
1732
1827
1816
1762
1583
640
-1598
-4556
-6685
-6607
-5309
-4042
-3318
-2292
-580
1209
2280
2430
2365
2705
2886
2320
1257
1159
2659
4914
6345
6402
6165
6366
6810
6603
5093
2949
1081
-558
-2456
-4350
-5641
-5595
-4454
-3330
-2913
-2523
-995
891
2019
1741
1285
1366
1762
1835
1862
2584
3839
4770
4589
3795
3155
2645
1602
-371
-2595
-4434
-5814
-6733
-6977
-6367
-5336
-4222
-3049
-1692
-357
550
950
1061
1039
843
511
453
1033
1781
2065
2099
2477
3036
2918
1907
553
-587
-1819
-3155
-4183
-4518
-4209
-3873
-3750
-3245
-1858
-324
501
741
1048
1375
1466
1366
1381
1685
1958
2086
1688
1306
-194
-3068
-6661
-7915
-7084
-5924
-5804
-5327
-3115
-140
2146
3144
3838
5013
5974
5304
3126
1915
2599
4153
4935
4758
4427
4545
5470
6202
5661
3631
1433
-532
-2512
-4720
-6604
-7356
-6479
-4924
-3879
-3126
-986
2101
4359
4445
3914
3782
3653
3083
2480
2480
3152
3934
3989
3244
2964
3107
2498
403
-2243
-4400
-6321
-7769
-8456
-8087
-7180
-5898
-4226
-2222
28
2039
3220
3577
3625
3346
2491
1883
2003
2360
2107
1712
1842
2331
2209
1155
-393
-2001
-3562
-5138
-6518
-6953
-6442
-5663
-5166
-3895
-1552
933
2327
2801
3034
3205
3026
2551
2158
2091
2006
1768
1576
1665
1408
-828
-4516
-8107
-8978
-8698
-8388
-8399
-7352
-4882
-2114
436
2511
4518
6280
6936
6185
4560
3790
4171
5122
5529
5113
4656
5080
6460
7306
6556
4480
2319
446
-1721
-4254
-6379
-7259
-6632
-5578
-4657
-3321
-792
2291
4173
4408
4007
3876
3730
2802
1760
1515
2422
3010
3137
3194
3694
3824
3120
1362
-1027
-3418
-5506
-7297
-8591
-8862
-8276
-7098
-5457
-3117
-717
1061
2195
2936
3224
2917
2289
1777
1615
1795
1907
1839
2104
2900
3090
2110
608
-681
-2070
-3934
-5407
-5996
-5948
-5647
-5195
-4146
-2253
-105
1272
1708
1899
2163
2145
1686
1473
1737
1865
1967
1919
2175
1641
-273
-4040
-7309
-7887
-7277
-7127
-7817
-6808
-4409
-1788
290
1941
3828
5533
6411
5845
4524
4336
5040
5972
5934
5596
5298
5688
6834
7509
6625
4361
2371
701
-1420
-4156
-6679
-7640
-7205
-6232
-5731
-4747
-2141
1323
3449
3584
3416
3879
3919
3007
1913
1835
2408
2736
2571
2339
2764
3121
2693
780
-1559
-3719
-5709
-7630
-8804
-8999
-8818
-8045
-6151
-3626
-1258
644
2321
3553
4096
3909
3359
2994
3135
3144
2511
1847
2408
3199
2854
1635
613
-281
-1680
-3492
-4840
-5429
-5449
-5570
-5580
-4447
-1983
377
1471
1981
2523
2957
2692
2272
2099
1915
1449
1113
1153
1633
1613
-254
-3856
-7244
-8014
-7651
-7580
-7912
-6878
-4769
-2391
-97
2001
4145
5922
6777
6246
4929
4412
4684
5043
5035
4788
4575
5043
6240
7067
6515
4924
3301
1503
-854
-3656
-6089
-7380
-7232
-6458
-5802
-4502
-1716
1507
3546
4124
4306
4330
3782
2802
1647
1185
1502
2077
2233
2093
2608
3057
2707
1124
-915
-3180
-5327
-7071
-8402
-9079
-8899
-7615
-5570
-3354
-1037
1165
2974
4136
4583
4304
3670
3212
2772
2164
1556
1452
1804
2165
2093
1590
654
-600
-2023
-3610
-5049
-6067
-6486
-6576
-6124
-4803
-2776
-714
884
2096
2730
3009
3050
2958
2514
2093
1497
1404
1333
1688
1309
-1264
-5091
-7915
-6984
-6062
-6067
-7032
-6212
-3814
-1492
484
1841
3622
5330
5940
5111
3914
4446
5598
6439
6196
5344
4908
5449
6943
7372
6189
4145
2510
1056
-1126
-3577
-5592
-6315
-5895
-5519
-5445
-4446
-1076
2207
3668
3645
3970
4488
3740
2552
1319
1096
1478
1601
1194
568
1294
1702
989
-1088
-3075
-4736
-6718
-7980
-8651
-8512
-7843
-6193
-3919
-1713
720
2792
4239
4894
4918
4416
3467
2989
2745
2008
899
628
1081
1109
540
-172
-703
-1632
-2966
-4321
-5398
-5581
-5610
-5633
-5179
-3288
-847
784
1865
2961
3750
3589
3150
2832
2719
2299
1730
1277
1821
2557
2593
971
-1707
-4839
-7788
-9025
-9160
-8769
-8868
-7804
-5105
-1511
1737
3895
5465
6881
7851
7726
6321
5364
5496
6013
5742
5312
5519
6333
6974
6823
5823
4385
2633
448
-2573
-5651
-7874
-8832
-8569
-7721
-6311
-4498
-1500
1671
4002
4798
4992
4722
3529
2184
959
548
653
1230
1420
1129
1503
2195
1914
-81
-2540
-4602
-6681
-8374
-9427
-9218
-7961
-5828
-3335
-871
1961
4611
6330
6614
6273
5559
4281
2867
1882
984
-136
-747
-496
127
562
438
-251
-1244
-2213
-3344
-4730
-5620
-5700
-5492
-5177
-3818
-1518
549
1640
2118
2508
2770
2710
2198
1377
711
280
162
461
1531
2353
2074
642
-1086
-3690
-7114
-9388
-9616
-8875
-8566
-7467
-4775
-654
3069
5388
6496
7557
8647
8530
6685
4820
4154
4203
4208
4497
5161
5948
6677
7339
7356
6437
4654
2080
-1050
-4127
-6756
-8707
-9168
-7931
-6038
-4558
-2679
191
3005
4167
3876
3112
2007
834
-299
-751
-339
1053
1966
2048
2304
3301
3447
1738
-650
-3127
-5628
-7918
-8923
-8692
-7829
-6346
-4234
-1677
1217
3816
5229
5335
5043
4310
2780
1204
363
-179
-806
-927
-26
1100
1807
1904
1155
-214
-1628
-3042
-4533
-5522
-5580
-5349
-4953
-3597
-1276
805
1946
2718
3249
3190
2528
1635
839
287
-75
-164
109
1225
2248
2421
1264
-569
-3570
-6995
-9301
-9770
-9403
-9196
-7725
-4791
-663
2950
5492
7037
8295
9228
8690
6595
4669
3967
4013
3918
4168
4929
6276
7446
8036
7702
6547
4707
1888
-1913
-5679
-8414
-9759
-9636
-8294
-6531
-4650
-2234
619
3023
3998
3812
2898
1454
-8
-866
-844
-115
1212
2067
2478
3071
4087
4136
2301
-356
-3038
-5498
-7602
-8783
-8948
-8046
-6155
-3823
-1364
1416
4026
5305
5116
4408
3466
2204
778
-43
-342
-248
197
1090
2085
2696
2564
1475
-15
-1464
-2920
-4552
-5703
-5885
-5488
-4741
-3340
-1307
423
1379
1711
1775
1638
1235
446
-265
-494
-204
339
1077
2546
3732
3823
2540
576
-2274
-6031
-9009
-10267
-9846
-9153
-7514
-4707
-635
3450
6521
8314
9276
9670
8865
6534
4217
3035
2974
3146
3695
4565
5665
6684
7392
7451
6576
4486
1113
-2899
-6371
-8539
-9688
-9997
-9183
-7466
-5406
-2880
31
2692
3897
3463
2116
744
-218
-926
-1230
-861
443
1804
2742
3781
4865
5028
3372
942
-1788
-4378
-6588
-7881
-8215
-7675
-6015
-3645
-1044
1691
4010
5150
5053
4372
3151
1595
277
-446
-686
-746
-211
647
1538
2272
2542
2068
785
-522
-1925
-3399
-4563
-5012
-4913
-4463
-3187
-1573
-182
583
944
990
595
-67
-705
-1161
-1379
-1105
-312
1052
2664
4078
4487
4109
2856
839
-2696
-6247
-8581
-8949
-8243
-7262
-5049
-1857
2085
5120
7015
7610
7493
6761
5129
3191
1679
1078
1490
2498
3991
5158
6376
7561
8420
7952
6101
3363
69
-3212
-6249
-8608
-9855
-9795
-8510
-6627
-4516
-2248
-54
1403
1635
1115
261
-723
-1429
-1677
-1122
-104
1848
3716
5219
6088
6549
6005
3903
1070
-2020
-4649
-6657
-7738
-7877
-7094
-5227
-2854
-457
1624
3164
3794
3404
2756
1832
881
203
99
388
810
1737
3054
4125
4335
3708
2471
856
-827
-2548
-4138
-5189
-5309
-4786
-3963
-2683
-1040
16
305
325
500
186
-573
-1260
-1430
-828
-72
956
1979
3465
4263
3994
2873
1409
-871
-4899
-8202
-9687
-8924
-8037
-6493
-4025
-609
2692
4734
5779
6070
6145
5433
3465
1304
268
723
1670
2943
4396
5814
6925
7533
7612
6757
4873
1862
-1812
-5311
-7786
-9143
-9340
-8461
-6664
-4990
-3088
-1056
1088
2058
1772
799
-436
-1123
-1204
-597
201
2183
4516
5993
6844
7544
7733
6220
3679
708
-2164
-4506
-6233
-7067
-7063
-5831
-3721
-1510
501
2254
3360
3415
2976
2283
1315
453
179
414
703
1432
2491
3435
3661
3287
2133
333
-1264
-2700
-4219
-5664
-6134
-5744
-5076
-3993
-2444
-1063
-385
-185
-277
-660
-990
-1188
-1244
-1139
-545
380
1476
2783
4006
4303
3600
2266
400
-2847
-6707
-9350
-10001
-9170
-8003
-6051
-3557
-119
3001
5214
5999
6066
5901
4802
2942
1269
727
1398
2604
4000
5115
6332
7536
8382
8023
6422
3796
307
-3180
-5911
-7689
-8594
-8299
-6733
-4645
-2716
-777
1047
2326
2416
1700
385
-576
-914
-697
-36
1521
3905
5916
6919
7468
7660
7025
4959
2261
-880
-3856
-6004
-6970
-6981
-6205
-4559
-2590
-548
1296
2528
2905
2382
1426
279
-863
-1296
-1104
-667
-38
1030
2075
2692
2688
2028
655
-1059
-2638
-4079
-5277
-5832
-5497
-4693
-3617
-2259
-985
-328
-267
-416
-875
-1429
-1959
-2166
-1917
-1057
176
1442
2713
4032
4909
4715
3600
1944
-261
-3676
-7363
-9574
-9651
-8228
-6763
-4731
-2125
1362
4149
5585
5725
5307
4704
3538
2030
973
978
2167
3684
5342
6723
7878
8481
8309
7310
5365
2771
-244
-3097
-5334
-6662
-7041
-6380
-4966
-3544
-2402
-1209
71
736
223
-516
-840
-610
-486
-46
1148
3254
5573
7127
7628
7587
7134
5972
3472
553
-2131
-4222
-5916
-6825
-6712
-5947
-4605
-2955
-1398
-400
64
127
-149
-448
-880
-1362
-1568
-1143
-237
493
1210
1917
2266
1771
574
-622
-1512
-2321
-3185
-3930
-4094
-3689
-3063
-2678
-2198
-1511
-1150
-1461
-1994
-2177
-1903
-1512
-876
-167
822
1993
3092
3965
4801
5264
4785
3478
2061
545
-1667
-5116
-7984
-9087
-8076
-6479
-4922
-2999
-650
2079
3794
4687
4727
4759
4457
3672
2788
2484
3155
4493
5715
6659
7130
7637
7847
7527
6161
3998
1443
-1039
-3146
-5002
-6261
-6814
-6730
-6246
-5675
-4649
-3318
-1927
-1054
-487
87
804
1275
1900
2772
3844
4856
5707
6071
5751
5017
4269
3054
1119
-1053
-3161
-5077
-6453
-7086
-7357
-7063
-6205
-5021
-4100
-3022
-1693
-611
-149
-61
111
306
745
1409
1683
1791
1909
2055
1753
1387
1144
743
0
-1016
-1810
-2457
-2740
-2871
-3252
-3590
-3654
-3161
-2748
-2175
-1348
-297
572
1393
2394
3403
4089
4534
4568
4701
4604
4360
3361
2258
997
-879
-3778
-7045
-8496
-8324
-7199
-6555
-5386
-3398
-459
1897
3138
3557
4140
4689
4785
4065
3456
3429
4253
5176
6103
6632
6993
7082
6729
5704
4181
2241
-6
-2576
-5016
-6924
-8072
-8219
-7667
-6831
-5984
-4592
-2870
-1186
102
1004
1877
2396
2858
3086
3597
4297
5291
5630
5152
4546
4027
3389
1902
-66
-2440
-4591
-6303
-7431
-7926
-7561
-6453
-5173
-3894
-2190
-307
1072
1601
1715
1703
1649
1681
1689
1747
1815
1883
1961
1887
1971
1840
1276
179
-943
-1968
-2907
-3392
-3717
-3887
-3974
-3602
-2831
-2052
-1311
-501
438
1375
2178
2730
3164
3696
4016
4072
4030
4100
3959
3376
2476
1402
126
-1843
-4487
-7564
-9362
-9686
-8631
-7741
-6170
-4023
-1256
1292
3058
4299
4825
5156
5061
4455
3616
3288
3989
4825
5378
5600
5723
5989
5772
5010
3460
1640
-569
-2956
-5110
-6633
-7445
-7861
-7729
-6810
-5529
-3835
-1932
-91
1234
2092
2781
3232
3649
3898
3997
3898
3972
4361
4077
3614
3159
2854
1482
-451
-2290
-4098
-5560
-6461
-6693
-6796
-6212
-5025
-3582
-1933
-119
1321
1806
2156
2582
2613
2260
2126
2143
1848
1485
1382
1582
1758
1837
1447
599
-224
-735
-1408
-2229
-2751
-3163
-3714
-4005
-3530
-2544
-1438
-269
759
1545
2272
3038
3399
3412
3472
3342
2845
2416
2367
2138
1422
208
-900
-2384
-4117
-6814
-9160
-10249
-9381
-7838
-6706
-4998
-2621
284
2205
3667
4707
5574
5932
5430
4463
3773
3875
4484
4833
5043
4998
4996
4778
4647
4162
2822
741
-1446
-3463
-5237
-6744
-7506
-7564
-6826
-5735
-4293
-2297
34
2090
3090
3734
4023
4048
3626
3455
3432
3235
3502
3625
3657
3163
3192
2589
1170
-515
-2059
-3857
-5673
-6455
-6590
-6420
-5529
-3937
-2275
-867
735
1986
2501
2581
2453
2131
1730
1573
1265
772
927
1484
1746
1530
1476
1262
298
-841
-1671
-2402
-3337
-3992
-4540
-4827
-4106
-2774
-1573
-798
384
1594
2157
2406
2676
2952
2653
2189
1707
1439
1483
1379
1017
2
-691
-1537
-3000
-5312
-7757
-9098
-9486
-8449
-7301
-5483
-3411
-645
2041
4029
5310
5931
6197
5998
5219
4011
2918
2983
3695
4131
4115
4169
4566
4957
5031
4456
3230
1510
-535
-2672
-4569
-5868
-6346
-6268
-5648
-4719
-3060
-1267
670
2069
2894
3200
3049
2811
2337
2400
2636
3390
4001
4242
4136
3859
3679
2873
1387
-752
-3051
-5094
-6584
-7007
-6730
-6036
-5033
-3870
-2353
-596
1126
2016
2099
1753
1428
1092
835
704
618
711
1030
1536
1904
2101
1998
1477
492
-497
-1331
-2171
-3036
-3699
-3986
-3770
-2966
-1884
-864
9
933
1269
1378
1402
1571
1403
867
442
129
219
485
740
948
809
285
-666
-1923
-3817
-6404
-8336
-8860
-7826
-6897
-5603
-3872
-1102
1720
3585
4518
4828
5202
5047
4046
2667
2037
2648
3516
4091
4435
5146
6246
7108
7211
6269
4851
2935
576
-2086
-4558
-6302
-7411
-7756
-7484
-6682
-5244
-3240
-1048
470
1504
2228
2936
3419
3717
3837
4218
4750
5127
4929
4700
4464
4399
3507
1795
-446
-2606
-4510
-6000
-6975
-7314
-7033
-6136
-4782
-2975
-1030
707
1663
1983
2129
2144
1841
1386
1093
900
959
1279
1810
2035
2132
1916
1383
453
-412
-1118
-2068
-2982
-3635
-3900
-3848
-3244
-2271
-1273
-492
98
453
610
657
622
203
-308
-591
-531
-24
671
1461
1814
2007
1771
1352
152
-1758
-4781
-7387
-8733
-8312
-7439
-6475
-4805
-2268
567
2596
3846
4338
4720
4819
4095
2836
2126
2610
3681
4339
4958
5811
7097
7934
8028
7161
5595
3434
610
-2462
-5133
-7122
-8384
-8957
-8513
-7206
-5282
-3192
-1160
656
1968
3036
3702
4053
3933
3551
3564
4069
4790
4881
4682
4376
4180
3234
1299
-859
-2902
-4738
-6653
-7822
-7907
-7039
-5782
-4493
-2953
-1057
605
1511
1882
2162
2219
1890
1329
1201
1448
1685
1892
2133
2479
2761
2695
2311
1639
945
-78
-1301
-2252
-2914
-3480
-3986
-3898
-3438
-2972
-2680
-2243
-1643
-1158
-914
-995
-864
-510
70
582
1284
2267
3133
3589
3663
3546
2949
1715
-474
-3348
-6619
-8783
-9634
-9059
-8239
-6923
-5128
-2821
-109
2025
3351
3926
4459
4625
4123
3602
3704
4614
5569
6126
6664
7418
8352
8518
7606
5804
3646
1216
-1636
-4471
-6741
-8393
-9225
-9085
-7844
-6176
-4162
-2010
88
1859
3215
4127
4453
4549
4436
4304
4358
4777
4980
4594
3930
3557
3217
2298
832
-1144
-3413
-5271
-6513
-7133
-7243
-6691
-5634
-4571
-3224
-1450
374
1507
1950
1730
1242
1064
1296
1677
1760
1854
2094
2517
3076
3627
3748
3128
1972
465
-1214
-2625
-3573
-4507
-5555
-6334
-6373
-5789
-4735
-3418
-2233
-1462
-936
-542
43
859
1808
2480
2836
3180
3818
4135
4041
3506
2714
1409
-240
-2319
-4447
-6951
-8840
-9879
-9687
-8343
-6723
-4559
-2509
153
2306
4111
5078
5944
6466
6257
5692
5221
5341
5991
6399
6604
6539
6696
6498
5678
4152
2237
-10
-2475
-4886
-6831
-8028
-8426
-8009
-6834
-5301
-3305
-1003
1339
3248
4507
5073
4922
4763
4479
3786
3173
2927
3056
2640
2278
2163
2238
1812
483
-1172
-3098
-4511
-5555
-6494
-6979
-6654
-5551
-4479
-3234
-1474
176
1137
1331
1542
1572
1606
1574
1462
1361
1512
2011
2488
2970
3389
3330
2558
1429
184
-1354
-2928
-4286
-5306
-6112
-6581
-6256
-5300
-3915
-2385
-1250
-386
429
1453
2221
2549
2822
2919
2908
2818
3090
3264
3054
2708
2144
1156
-78
-1774
-3859
-6775
-8906
-9901
-9532
-8254
-6774
-4654
-2517
491
3128
5163
6086
6440
6395
5739
4867
4314
4110
4338
4489
4890
5239
5879
6229
5788
4497
2717
725
-1609
-3919
-5860
-7218
-7820
-7402
-5977
-4174
-1995
261
2368
3822
4583
4769
4478
3911
3165
2151
1583
1177
1607
1644
1878
2087
2400
2283
886
-512
-2330
-3800
-5662
-6774
-7334
-7103
-6323
-5124
-3621
-1752
31
1274
1744
1970
1985
1729
1312
1312
1531
1671
1916
2529
3027
3313
3179
2553
1232
-341
-2016
-3448
-4682
-5636
-6339
-6745
-5939
-4323
-2600
-1313
-18
1354
2251
2842
3280
3586
3424
3049
2604
2412
2690
2881
2584
2031
1581
970
-316
-1846
-3655
-5516
-7936
-9657
-10128
-9085
-7591
-5838
-3586
-721
2342
4509
5601
6103
6530
6497
5645
4614
4175
4389
4852
5133
5561
5868
6094
5649
4580
3069
1306
-816
-3201
-5353
-6711
-7311
-7057
-6057
-4394
-2695
-1063
545
1964
2870
3144
3104
2628
1954
1253
1041
1594
2161
2749
2954
3203
3044
2732
1681
-88
-2112
-4078
-5724
-6884
-7145
-6666
-5880
-4790
-3319
-1725
-407
608
1235
1293
1146
1098
1240
1466
1796
2267
2634
3179
3868
4217
3868
2979
1693
-40
-1726
-3031
-4016
-4950
-5620
-5574
-4946
-3680
-2206
-871
107
988
1843
2306
2479
2548
2744
2652
2535
2432
2509
2617
2629
2279
1625
905
-166
-1229
-2986
-4821
-7369
-9264
-10118
-9438
-7782
-6295
-4277
-2076
711
2999
4667
5760
6108
6078
5473
4831
4451
4488
4787
4744
4777
4889
5096
4980
4447
3483
1982
62
-1825
-3501
-4920
-6073
-6523
-6424
-5693
-4591
-3093
-1485
-75
1180
1837
2333
2408
2558
2517
2264
2175
2235
3004
3432
3522
3329
3191
2784
1551
222
-1598
-3272
-4720
-5723
-6390
-6505
-5785
-4831
-3841
-2548
-938
487
1370
2129
2697
3044
3271
3413
3560
3586
3648
3569
3270
2898
2272
1208
-213
-1422
-2560
-3780
-4914
-5494
-5629
-5422
-4580
-3305
-1941
-725
481
1517
2236
2940
3282
3216
2920
2677
2379
2059
1966
1983
1671
1108
528
-62
-1109
-2268
-3907
-5950
-8228
-9764
-10137
-9623
-8000
-6123
-3677
-1247
1692
4154
5766
6521
6698
6561
5865
4910
4097
3636
3824
3988
4232
4364
4747
4853
4302
3174
1776
120
-1925
-3982
-5526
-6515
-6849
-6498
-5517
-4193
-2649
-1011
445
1882
2811
3334
3165
2994
2894
2433
2455
2785
3591
3559
3618
3689
3556
2754
1331
-405
-2620
-4418
-5873
-6960
-7409
-6982
-5913
-4793
-3062
-731
1244
2693
3539
4087
4150
4043
3810
3405
2931
2613
2365
2085
2028
2004
1312
192
-963
-1942
-3229
-4238
-4782
-5097
-5145
-4750
-3560
-2149
-498
1085
2114
2719
2964
3094
2780
2421
1993
1498
888
550
525
470
99
-503
-1054
-1633
-2472
-3522
-4833
-6308
-7822
-9220
-9504
-8786
-6728
-4798
-2536
-294
2471
4769
6137
6716
6628
6276
5601
4617
3788
3328
3507
3726
4009
4366
4809
4961
4476
3666
2299
672
-1085
-2679
-4202
-5489
-6185
-6086
-5220
-4017
-2688
-1385
-106
1292
2187
2792
3055
3227
3228
2614
2391
2562
3262
3335
3074
2910
2391
1906
871
-265
-2002
-3749
-5077
-6176
-6484
-6222
-5328
-4325
-2893
-846
1075
2599
3608
4293
4266
3789
3399
3037
2563
2008
1439
856
671
789
583
-163
-973
-1586
-2446
-3260
-3684
-3815
-3934
-3868
-3202
-2206
-994
186
877
1268
1571
1920
1970
1575
1262
883
585
235
85
21
-185
-543
-1020
-1410
-1825
-2507
-3537
-4827
-6035
-7343
-8383
-8390
-7472
-5693
-3914
-1672
608
3050
4962
6113
6588
6395
5940
5168
4477
4086
3841
4014
4298
4801
5269
5466
5189
4438
3414
2000
497
-1138
-2677
-4101
-5308
-5774
-5595
-4724
-3721
-2560
-1313
-135
1093
1971
2720
3133
3299
3021
2915
3242
3615
3643
3542
3145
2508
1805
1292
125
-1512
-3196
-4472
-5465
-5989
-5833
-5373
-4477
-3287
-1626
-36
1509
2891
3518
3482
3241
3010
2606
1972
1470
900
490
303
367
294
-40
-448
-1073
-1886
-2434
-2709
-2992
-3302
-3336
-3031
-2590
-1708
-729
1
478
989
1412
1447
1489
1417
1038
294
-180
-448
-708
-871
-1148
-1537
-2031
-2247
-2382
-2552
-3002
-3534
-4596
-5487
-6410
-6482
-6172
-4999
-3321
-1587
327
2155
4255
5709
6352
6195
5902
5709
5392
4895
4316
4072
4504
4898
4973
4799
4617
4096
3240
2197
1101
-218
-1757
-3310
-4368
-4903
-4870
-4590
-3937
-2882
-1518
-219
1081
2279
3116
3370
3274
3203
2719
2178
1699
1609
1330
995
765
509
369
95
-780
-2150
-3263
-3839
-4550
-5194
-5059
-4212
-3080
-1882
-320
1124
2276
3049
3302
3123
2724
2186
1218
99
-525
-848
-1037
-916
-577
-480
-524
-436
-164
-127
-467
-914
-1536
-2037
-2061
-1684
-1229
-661
130
734
1227
1747
2258
1986
1103
210
-709
-1547
-2125
-2448
-2640
-2766
-2567
-2342
-1931
-1498
-1226
-1493
-1951
-2316
-2765
-3516
-4389
-4528
-4143
-2814
-1466
227
1798
3447
4713
5122
5323
5342
5194
4621
3739
3191
2784
2878
3204
3455
3634
3484
3409
3099
2736
2033
935
-448
-1827
-2880
-3605
-3948
-3868
-3552
-3092
-2478
-1515
-572
419
1021
1356
1343
1076
871
637
986
1135
1393
1663
1858
1998
1743
1522
709
-373
