50
-99
-462
-1270
-2259
-2689
-1977
-690
326
560
234
-112
-425
-773
-770
148
1493
2150
1872
1396
1408
1404
711
-609
-1252
-576
758
1636
1512
698
-488
-1530
-2089
-2077
-1577
-803
52
777
1373
1581
1218
617
348
688
1502
2474
2998
2663
1763
763
-177
-769
-1009
-1047
-847
-425
-173
-342
-616
-959
-1390
-1587
-1164
-403
388
969
1040
750
358
-29
-298
-307
-118
19
13
-20
-276
-774
-1431
-1768
-1675
-1212
-714
-518
-363
-253
-76
42
95
-42
-307
-592
-763
-979
-2162
-3938
-5192
-4754
-3121
-1424
-281
272
685
415
-448
-906
448
2771
4113
3903
3223
3494
3910
3475
1646
-27
-220
825
2146
2581
1792
164
-1259
-1957
-1992
-1415
-493
764
1962
2844
3134
3072
2827
2419
2067
2206
3068
3800
3796
2828
1227
-332
-1500
-2168
-2237
-1679
-1076
-898
-1083
-1141
-1268
-1555
-1777
-1736
-1059
-43
776
861
517
-147
-920
-1491
-1677
-1568
-1557
-1417
-1237
-1156
-1348
-1875
-2364
-2494
-1977
-1153
-200
573
878
790
480
220
178
354
318
80
-237
-738
-1215
-1352
-1327
-1311
-1131
-806
-583
-198
210
-480
-3180
-6408
-7098
-3962
743
3702
3940
2961
1903
384
-1508
-1809
891
4499
5596
4009
2397
2463
2603
717
-2192
-3134
-833
2885
5192
4851
2600
-283
-2567
-3573
-3133
-1579
416
2183
2954
2722
1791
318
-1013
-1307
-70
2365
4768
5525
4268
2062
41
-1299
-1799
-1496
-561
343
699
234
-829
-2021
-3119
-3884
-3907
-2832
-1128
391
1078
856
-112
-1147
-1725
-1379
-303
663
1217
1462
1487
929
-158
-1295
-1952
-1887
-1258
-728
-550
-786
-1353
-2062
-2355
-1971
-1409
-776
-101
372
465
480
332
-36
-693
-1379
-2188
-3269
-4802
-5922
-5254
-2716
-29
1052
840
311
-14
-427
-561
804
3454
5607
5368
3680
2636
2705
2465
1004
-404
-280
1445
3229
3763
2808
815
-1385
-2903
-2802
-1512
60
1080
1416
1634
2066
2579
2428
2067
2143
2845
3697
4327
4321
3556
2365
935
-260
-940
-865
-651
-647
-936
-1415
-1774
-2036
-2265
-2709
-3016
-2944
-2409
-1553
-967
-771
-880
-900
-580
-88
396
683
743
612
407
155
-205
-731
-1236
-1603
-1674
-1487
-1294
-1339
-1713
-2244
-2642
-2526
-1985
-1596
-1705
-1961
-2009
-1665
-764
404
1168
1282
1357
1467
1938
2074
987
-2732
-7772
-10443
-8124
-2522
1702
2706
1584
352
-1073
-2986
-3397
-279
5046
7746
6736
4976
5513
6437
4382
-200
-3205
-1371
3138
6643
6820
4381
690
-3005
-5147
-5313
-3776
-1661
545
2301
3487
3301
1703
4
-735
448
3117
6255
7797
6824
3973
911
-878
-1435
-1433
-1539
-1345
-810
-696
-1571
-2947
-4126
-5180
-5480
-4650
-2582
-337
914
837
74
-353
-411
-168
370
1094
1494
1625
1571
1112
-168
-1961
-3282
-3516
-2754
-2030
-1872
-2237
-2685
-2932
-2830
-1978
-721
297
450
-35
-382
-302
138
468
623
806
1222
1797
1883
1000
-763
-2521
-4322
-6714
-8737
-8068
-3897
1006
3214
2305
575
57
96
-176
612
3983
7943
8903
6334
3585
3037
3361
2109
-398
-1156
1115
4307
5388
3607
178
-3130
-5099
-5221
-3683
-1296
955
2398
2867
2299
1225
420
395
1266
2408
3817
5424
6103
4801
2018
-666
-2530
-3513
-3790
-3380
-2359
-1269
-1368
-3074
-4951
-5782
-5498
-4486
-2559
-167
1786
2768
2679
1845
713
-338
-749
-1
1466
2404
2050
843
-626
-2212
-3365
-3472
-2749
-1937
-1671
-1707
-1606
-1202
-911
-897
-711
-75
822
1405
1609
1532
1204
766
309
148
522
1217
1442
989
-58
-1475
-2782
-3550
-4074
-5543
-7611
-7882
-4680
247
3460
3698
2185
1044
310
-388
246
3354
7161
7811
4762
1693
1538
2842
2321
-330
-1949
-193
3123
4863
3637
620
-2491
-4472
-4709
-3508
-1516
230
1528
2354
2681
2500
2159
1993
2413
3444
5040
5935
5266
3444
1373
-485
-1824
-2283
-2794
-3510
-3932
-4039
-3990
-3751
-3574
-4158
-4402
-3521
-1625
392
2094
2777
2293
1698
1449
1691
2066
2033
1218
314
-15
-105
-461
-1419
-2631
-3667
-3960
-3332
-2444
-1907
-1961
-1946
-1569
-531
533
1091
1175
1193
1359
1472
1452
1436
1380
1110
530
-10
-69
39
-379
-1405
-2382
-2664
-2402
-2277
-3252
-5798
-8215
-7498
-3100
1984
4204
3336
1408
197
-607
-1275
-266
3055
6176
6085
3825
2517
3225
3453
1567
-705
-570
2257
4982
5545
3950
1169
-1945
-4194
-4287
-2414
-160
971
1093
1042
1305
1411
1035
937
1740
3318
5057
6281
6420
5162
3069
801
-657
-2605
-5142
-5744
-4171
-2957
-2868
-2739
-3503
-4390
-4525
-4530
-3146
320
3001
2478
1984
2501
2580
1751
578
-486
-616
655
1597
1832
1085
-893
-3691
-5105
-4498
-3531
-2789
-2290
-1657
-1153
-618
-71
203
502
590
934
1694
3005
3457
2347
379
-1076
-1420
-981
-244
105
-291
-1918
-3720
-4127
-2879
-1382
-1059
-2047
-4197
-6069
-5989
-3275
448
3088
3492
2156
697
-393
-797
84
2515
4730
5107
4537
4611
5233
4544
2173
-96
-1
2087
3912
4197
3365
1995
-162
-2358
-3394
-2924
-1925
-1127
-96
1561
3422
3984
2852
1672
1813
3158
4552
4981
4422
3081
1362
-599
-2023
-4212
-6941
-7380
-5278
-2933
-1547
-997
-2279
-3801
-4435
-4860
-3522
340
3433
2953
1769
1207
911
665
281
-293
-301
780
1319
1586
1391
-291
-3362
-5209
-4339
-2489
-929
-188
-105
-357
-272
243
919
1799
2055
1888
1829
2410
2577
1815
610
-398
-802
-778
-543
-442
-266
-384
-1110
-1959
-2276
-2614
-3632
-5235
-6961
-7096
-4620
-808
1751
2516
2096
963
-277
-1102
-400
2496
6218
7798
6284
4045
2946
2256
600
-1294
-1425
979
3895
4832
3269
810
-1384
-3062
-3739
-2977
-1128
865
2256
2795
2784
2323
1207
202
406
2016
4390
6003
5893
3930
1333
-1224
-2784
-4232
-5839
-5748
-4147
-2731
-2479
-2542
-3612
-4768
-4933
-4558
-2949
349
3381
3599
3089
2954
2644
1976
1620
1459
1431
2280
2668
2129
846
-1062
-3647
-5035
-4215
-2922
-2170
-1997
-2077
-2141
-1544
-586
45
899
1627
2113
2251
2318
1968
1319
538
-369
-673
-224
621
777
235
-794
-2059
-2982
-3349
-3167
-2479
-1852
-2269
-4380
-7038
-7727
-5226
-1029
2115
3008
2503
1539
525
-140
721
3333
5988
5993
4168
3050
3666
4123
2724
581
139
2076
4317
5123
4338
2701
599
-1546
-2848
-2791
-1755
-817
-190
464
1348
1927
1711
1471
2055
3545
4949
5590
5078
3802
2035
111
-1510
-2717
-4864
-6868
-7200
-6250
-5576
-5046
-4570
-4527
-4111
-3534
-2676
-493
2920
5017
5021
4794
4397
3910
3102
2340
1223
403
-81
-782
-1688
-3011
-4783
-6323
-6072
-4541
-3145
-2286
-1739
-1034
-107
1265
2698
3808
4217
3756
2908
2193
2109
1781
957
-132
-869
-1287
-1355
-1319
-1541
-2187
-2920
-3235
-2638
-1559
-800
-773
-1848
-4164
-6554
-6615
-3765
342
2833
2885
1777
762
-296
-1587
-1346
1434
5246
7045
6350
5139
5059
5164
3818
1930
1514
3119
4621
4702
3560
1635
-1021
-3747
-5443
-5431
-4025
-2191
-419
1216
2272
2322
1702
1514
2117
3521
4992
5683
4962
3163
926
-885
-2515
-3722
-6108
-8549
-8517
-6584
-5046
-4318
-3525
-3622
-3197
-2154
-1188
1098
4825
6747
5476
4834
4950
4462
2797
1095
-404
-1037
-963
-1728
-2485
-3226
-4460
-6145
-6044
-3913
-1858
-335
768
1857
2752
3535
3744
3451
3285
2736
2513
2474
2525
1337
-709
-2564
-3316
-3072
-2466
-1827
-1546
-1514
-1923
-2398
-2384
-1896
-1571
-1539
-1726
-2637
-4491
-5672
-4849
-1852
904
1899
1766
1704
1196
-308
-903
1240
5132
7031
5395
2961
2789
4161
4053
2274
965
2023
3871
4594
3814
2253
280
-2030
-3574
-3486
-2179
-753
-210
-11
155
539
556
496
1081
2439
3804
4477
4219
2966
1045
-905
-2519
-3332
-3760
-5524
-6626
-5797
-4213
-3692
-3049
-2483
-2248
-1499
-1051
-256
2083
4961
5163
3832
3310
2861
1804
549
-146
-898
-932
-977
-1137
-1156
-1551
-2938
-4035
-3182
-1555
-382
277
753
1266
1580
2015
1852
1851
1897
1592
876
172
-193
-845
-1247
-1741
-2116
-2425
-2361
-2294
-2216
-2020
-1901
-1751
-1426
-1050
-954
-1045
-1809
-3704
-5676
-5600
-3054
498
2613
2646
1663
568
-650
-1707
-437
2994
6244
6627
4870
3635
4069
4622
3830
2868
3085
4796
6202
6289
4993
2777
-9
-2875
-4535
-4377
-3011
-1896
-1475
-1302
-986
-628
-767
-722
22
1848
3772
4757
4635
3688
2241
513
-1083
-3237
-5550
-6571
-5715
-4227
-3409
-3236
-3753
-4078
-3915
-3659
-2763
-206
2768
4133
4259
4298
4146
3250
2122
1122
765
999
1112
537
-342
-1645
-3675
-5216
-5006
-3444
-1838
-843
-610
-488
214
1251
2164
2686
2569
1731
898
630
939
1017
388
-577
-1434
-2080
-2686
-2935
-2441
-1553
-909
-539
-109
58
-298
-1058
-1523
-1925
-2378
-3662
-5056
-4734
-2191
626
1865
1738
925
143
-243
703
3425
6652
7960
6272
4159
3748
4491
4164
2783
1827
2142
3220
3723
3144
1394
-1437
-4358
-5974
-5433
-3450
-1499
-446
-112
-311
-818
-1038
-561
648
2077
3306
3812
3462
2152
0
-2091
-3498
-3989
-4751
-5892
-5802
-4203
-2803
-2418
-2046
-1908
-1556
-977
-108
1731
4494
6072
4805
3325
2602
1904
1080
616
212
-129
-404
-1104
-1676
-2018
-2632
-3547
-3237
-1233
794
1976
2225
1989
1668
1621
1681
1535
1242
567
-94
-432
-614
-1372
-2373
-2902
-2933
-2461
-1703
-726
158
681
497
-12
-335
-405
-593
-721
-518
-916
-2650
-5216
-6476
-5027
-1548
1308
2536
2622
1983
724
-488
-22
2295
5184
6095
4790
3712
4262
4943
3950
2156
1273
2187
3664
4230
3475
1523
-1148
-3902
-5253
-4748
-3577
-2752
-2615
-2342
-1785
-1334
-1311
-1399
-778
757
2631
3689
3660
2570
1130
-319
-1210
-1616
-3094
-4630
-4697
-3229
-2203
-1468
-1359
-2155
-2382
-2249
-1405
724
3949
4918
3478
2584
2572
2825
2446
1898
842
326
251
318
597
412
-855
-2858
-3243
-2079
-521
348
384
-48
-701
-515
-129
127
143
-99
-271
170
931
699
-116
-1059
-1751
-1749
-871
163
703
765
48
-570
-618
-151
-89
-522
-534
-692
-1507
-3692
-5669
-5669
-3014
488
2557
3131
2288
930
-686
-1220
83
2835
5495
5956
4886
3577
3262
2857
1614
357
427
2081
3567
3726
1976
-635
-3204
-5226
-6040
-5327
-3446
-1971
-1281
-1098
-1062
-989
-1153
-1059
-183
1701
3304
3857
3251
1826
235
-860
-1083
-1461
-2107
-2302
-1643
-895
-371
-67
-171
-407
-515
-326
397
1969
3371
3571
3083
2719
2247
1525
916
584
666
833
802
517
242
-249
-1322
-2055
-1814
-957
-422
-495
-805
-918
-501
10
29
-454
-846
-988
-1129
-1449
-1726
-2130
-2450
-2409
-1807
-633
391
664
189
-357
-577
-391
221
614
742
334
-133
-1259
-2945
-5173
-6739
-6231
-3579
178
2297
2568
1283
-218
-1669
-2035
-303
2806
5812
5887
4202
2922
3287
3520
2360
1029
841
2560
4223
4439
2726
56
-2888
-5311
-5679
-4155
-2021
-1133
-1270
-1194
-682
-272
-402
-51
950
2430
3805
4499
4548
3861
2677
1341
276
-548
-996
-970
-768
-485
-238
-109
-339
-1129
-1924
-1716
-33
2069
3123
2784
2017
1572
1390
1506
1459
1198
714
86
-436
-777
-1086
-1835
-2837
-3187
-2553
-1623
-1217
-1380
-1740
-1901
-1691
-1369
-1173
-1056
-1107
-1145
-1043
-805
-1031
-1769
-2263
-2014
-982
54
894
1100
758
43
-553
-542
178
1089
977
-178
-1324
-2001
-2332
-3001
-4137
-4662
-3359
-218
2193
2480
1025
-591
-1577
-1856
-691
1738
4659
5682
4356
2485
2158
2908
2638
1961
2138
3842
5061
4419
2084
-512
-2063
-2993
-3086
-2405
-1266
-686
-885
-1410
-1970
-2072
-2078
-1474
-116
1999
3650
3949
3403
2578
1840
1325
1689
2143
2354
1872
821
117
78
93
-928
-1818
-1972
-1507
-1009
-492
-151
-313
-408
-386
-145
122
151
-259
-418
-17
339
232
-396
-1053
-1608
-1916
-1848
-1556
-1323
-1438
-1685
-1807
-1822
-2007
-2329
-2203
-1876
-1597
-1570
-1623
-1680
-1502
-990
-430
238
885
1352
1108
640
264
494
1033
1749
2167
2116
1429
198
-933
-1998
-3088
-4481
-4634
-3133
-392
1397
1056
-365
-1542
-1668
-1185
490
3030
5723
6727
5867
4373
3341
3381
3384
3388
3541
4322
4675
3660
1598
-592
-2168
-3623
-4363
-4087
-3015
-1996
-2018
-2544
-2942
-2591
-2001
-1028
495
2718
4492
5015
4583
3883
3287
2597
2096
1275
499
-438
-1252
-1715
-1717
-1684
-2481
-3116
-3352
-3135
-2941
-2400
-1701
-1063
-534
-175
336
747
959
500
117
228
430
242
-257
-715
-1363
-1828
-2061
-1980
-1481
-1224
-1383
-1802
-1985
-1998
-1809
-1518
-1215
-992
-829
-611
-458
-338
-1
494
1046
1764
2304
2432
2311
2146
1922
1689
1499
1340
1125
596
-239
-1776
-3368
-4922
-5497
-4459
-2154
408
1188
568
-631
-924
-606
54
1433
3464
5662
5974
4919
3557
3111
2890
2278
1997
2319
3323
3406
2429
520
-1275
-2693
-3655
-3761
-3218
-2407
-2208
-2234
-2062
-1579
-1269
-1047
-391
721
2440
3969
4582
3998
2798
1692
1032
849
703
441
-68
-798
-1821
-2440
-2591
-2857
-3336
-3582
-2984
-1824
-759
-255
-67
191
382
476
498
790
1304
1511
1152
609
154
-365
-1044
-1795
-2001
-1683
-1228
-973
-880
-948
-1119
-1236
-1283
-935
-498
-333
83
734
1270
1206
725
290
289
881
1717
2291
2397
2168
1602
1061
776
822
675
246
-597
-1475
-2601
-3287
-3983
-4316
-4033
-2961
-988
144
267
-880
-1473
-1168
-350
1178
2972
4956
5029
3930
2423
2153
2624
2815
2841
2606
2804
2338
1250
-455
-1974
-3319
-4443
-4492
-3677
-2355
-1740
-1749
-1989
-1948
-1190
-275
1141
2731
4217
4595
3985
3014
2042
1282
513
-2
-298
-243
-474
-1187
-1854
-2120
-2207
-2425
-2267
-1698
-780
-6
613
1102
1348
1245
688
181
113
300
386
174
-351
-833
-1082
-1185
-1303
-1424
-1409
-1184
-852
-448
132
790
1084
707
74
-266
-172
254
805
987
420
-610
-1207
-808
-60
735
1102
1378
1501
1613
1760
1800
1762
1444
1175
396
-481
-1529
-2728
-3957
-4953
-5004
-4437
-2868
-1557
-1086
-1432
-2046
-2142
-1471
506
2635
4544
5459
5185
4238
3463
3349
2976
2481
1799
1677
1763
1315
-169
-2373
-3733
-4224
-3910
-3302
-2347
-1591
-1151
-897
-663
-84
609
1440
2278
3117
3570
3484
2665
1540
590
125
-70
-75
-152
-662
-1365
-2078
-2190
-1872
-1115
-465
-194
-195
-94
445
867
1188
1010
643
383
382
416
251
-202
-918
-1164
-856
-491
-363
-404
-583
-728
-533
22
716
1051
890
313
-369
-859
-1154
-1239
-1061
-604
-371
-474
-731
-960
-989
-552
339
1370
2170
2450
2266
1744
1199
735
485
221
-601
-1631
-2883
-4075
-5076
-5778
-5660
-4784
-2794
-901
161
-84
-734
-544
494
2270
3897
5713
6524
5860
4122
2594
2326
2039
1636
962
1058
1186
661
-683
-2176
-2763
-3021
-2850
-2268
-1066
122
585
581
459
480
594
1086
2001
2685
2851
2167
944
-192
-1121
-1293
-994
-224
-59
-275
-752
-1213
-1092
-755
-127
33
238
-38
-329
-174
229
492
-199
-741
-1084
-802
-634
-749
-838
-729
-369
-296
2
414
601
293
-190
-278
126
835
1131
945
289
-661
-1466
-1733
-1427
-1080
-898
-795
-625
-482
-265
13
598
1436
2023
2238
2255
2124
1783
1353
847
97
-1189
-2549
-3690
-4536
-5103
-5598
-5573
-4660
-2612
-946
-247
-220
-181
351
1271
2727
4205
5739
6200
5231
3519
2234
1868
1581
1176
692
671
608
122
-878
-1941
-2567
-2700
-2302
-1431
-274
660
978
1059
1079
915
608
506
900
1407
1743
1493
740
-242
-904
-855
-462
32
-67
-586
-791
-298
453
665
807
631
297
-21
-153
57
425
689
142
-579
-1218
-1393
-1368
-1425
-1291
-1029
-440
155
586
715
618
188
-167
-22
526
923
688
232
-323
-939
-1657
-2250
-2523
-2353
-1897
-1364
-881
-570
-294
49
672
1359
1988
2481
2748
2568
2079
1482
745
-78
-953
-2081
-3151
-4256
-5035
-5563
-5695
-5150
-3722
-1537
-201
300
318
743
1552
2403
3546
4622
5633
5416
4242
2709
2001
1866
1174
534
245
701
894
586
-368
-1271
-1562
-1640
-1285
-597
393
880
741
451
170
150
-1
130
407
808
1107
824
189
-403
-598
-382
309
871
1097
944
596
594
808
959
923
774
335
-310
-666
-639
-706
-1224
-1989
-2397
-2169
-1745
-1524
-1354
-1130
-734
-227
518
1256
1516
1255
746
384
432
734
766
426
-234
-1148
-2130
-2845
-3075
-2998
-2812
-2509
-1864
-904
50
677
987
1293
1668
2176
2673
2927
2688
1873
756
-332
-943
-1454
-1862
-2272
-2683
-3327
-4300
-4845
-4835
-3711
-2198
-277
1028
1518
1313
867
1281
2166
3184
3588
4108
4389
3761
2258
690
326
397
771
1028
1661
2143
1721
476
-696
-744
-262
304
604
837
823
253
-623
-1401
-1686
-1687
-1119
-262
772
1222
789
-132
-656
-453
285
